# Solução do Problema do Cabo Flexível Suspenso
# Parâmetros: C=0.041, y0=15, y_target=10, h=0.01
# Valor inicial da derivada: s = -0.697719
# Erro na condição de contorno: 0.000001
# Colunas: x(m), y(m), dy/dx
0.000000 15.000000 -0.697719
0.010000 14.993025 -0.697219
0.020000 14.986056 -0.696719
0.030000 14.979091 -0.696220
0.040000 14.972131 -0.695720
0.050000 14.965177 -0.695221
0.060000 14.958227 -0.694722
0.070000 14.951282 -0.694222
0.080000 14.944342 -0.693723
0.090000 14.937408 -0.693224
0.100000 14.930478 -0.692726
0.110000 14.923553 -0.692227
0.120000 14.916633 -0.691728
0.130000 14.909719 -0.691230
0.140000 14.902809 -0.690731
0.150000 14.895904 -0.690233
0.160000 14.889004 -0.689735
0.170000 14.882109 -0.689237
0.180000 14.875219 -0.688739
0.190000 14.868334 -0.688241
0.200000 14.861454 -0.687744
0.210000 14.854580 -0.687246
0.220000 14.847710 -0.686749
0.230000 14.840845 -0.686251
0.240000 14.833985 -0.685754
0.250000 14.827129 -0.685257
0.260000 14.820279 -0.684760
0.270000 14.813434 -0.684263
0.280000 14.806594 -0.683767
0.290000 14.799759 -0.683270
0.300000 14.792929 -0.682774
0.310000 14.786103 -0.682277
0.320000 14.779283 -0.681781
0.330000 14.772468 -0.681285
0.340000 14.765657 -0.680789
0.350000 14.758852 -0.680293
0.360000 14.752052 -0.679797
0.370000 14.745256 -0.679301
0.380000 14.738466 -0.678806
0.390000 14.731680 -0.678310
0.400000 14.724899 -0.677815
0.410000 14.718124 -0.677319
0.420000 14.711353 -0.676824
0.430000 14.704587 -0.676329
0.440000 14.697826 -0.675834
0.450000 14.691071 -0.675340
0.460000 14.684320 -0.674845
0.470000 14.677574 -0.674350
0.480000 14.670833 -0.673856
0.490000 14.664097 -0.673362
0.500000 14.657365 -0.672867
0.510000 14.650639 -0.672373
0.520000 14.643918 -0.671879
0.530000 14.637202 -0.671385
0.540000 14.630490 -0.670892
0.550000 14.623784 -0.670398
0.560000 14.617082 -0.669904
0.570000 14.610386 -0.669411
0.580000 14.603694 -0.668918
0.590000 14.597007 -0.668424
0.600000 14.590326 -0.667931
0.610000 14.583649 -0.667438
0.620000 14.576977 -0.666945
0.630000 14.570310 -0.666453
0.640000 14.563648 -0.665960
0.650000 14.556991 -0.665467
0.660000 14.550338 -0.664975
0.670000 14.543691 -0.664483
0.680000 14.537049 -0.663990
0.690000 14.530411 -0.663498
0.700000 14.523779 -0.663006
0.710000 14.517151 -0.662514
0.720000 14.510528 -0.662023
0.730000 14.503911 -0.661531
0.740000 14.497298 -0.661040
0.750000 14.490690 -0.660548
0.760000 14.484087 -0.660057
0.770000 14.477489 -0.659566
0.780000 14.470896 -0.659074
0.790000 14.464307 -0.658584
0.800000 14.457724 -0.658093
0.810000 14.451145 -0.657602
0.820000 14.444572 -0.657111
0.830000 14.438003 -0.656621
0.840000 14.431439 -0.656130
0.850000 14.424881 -0.655640
0.860000 14.418327 -0.655150
0.870000 14.411778 -0.654660
0.880000 14.405233 -0.654170
0.890000 14.398694 -0.653680
0.900000 14.392160 -0.653190
0.910000 14.385630 -0.652700
0.920000 14.379106 -0.652211
0.930000 14.372586 -0.651721
0.940000 14.366071 -0.651232
0.950000 14.359562 -0.650743
0.960000 14.353057 -0.650254
0.970000 14.346557 -0.649765
0.980000 14.340061 -0.649276
0.990000 14.333571 -0.648787
1.000000 14.327086 -0.648298
1.010000 14.320605 -0.647810
1.020000 14.314129 -0.647321
1.030000 14.307659 -0.646833
1.040000 14.301193 -0.646345
1.050000 14.294732 -0.645857
1.060000 14.288276 -0.645369
1.070000 14.281824 -0.644881
1.080000 14.275378 -0.644393
1.090000 14.268936 -0.643905
1.100000 14.262500 -0.643418
1.110000 14.256068 -0.642930
1.120000 14.249641 -0.642443
1.130000 14.243219 -0.641955
1.140000 14.236802 -0.641468
1.150000 14.230390 -0.640981
1.160000 14.223983 -0.640494
1.170000 14.217580 -0.640007
1.180000 14.211182 -0.639521
1.190000 14.204790 -0.639034
1.200000 14.198402 -0.638548
1.210000 14.192019 -0.638061
1.220000 14.185640 -0.637575
1.230000 14.179267 -0.637089
1.240000 14.172899 -0.636603
1.250000 14.166535 -0.636117
1.260000 14.160176 -0.635631
1.270000 14.153822 -0.635145
1.280000 14.147473 -0.634659
1.290000 14.141129 -0.634174
1.300000 14.134790 -0.633688
1.310000 14.128456 -0.633203
1.320000 14.122126 -0.632718
1.330000 14.115801 -0.632233
1.340000 14.109481 -0.631748
1.350000 14.103166 -0.631263
1.360000 14.096856 -0.630778
1.370000 14.090551 -0.630293
1.380000 14.084250 -0.629809
1.390000 14.077954 -0.629324
1.400000 14.071664 -0.628840
1.410000 14.065378 -0.628355
1.420000 14.059097 -0.627871
1.430000 14.052820 -0.627387
1.440000 14.046549 -0.626903
1.450000 14.040282 -0.626419
1.460000 14.034020 -0.625936
1.470000 14.027763 -0.625452
1.480000 14.021511 -0.624969
1.490000 14.015264 -0.624485
1.500000 14.009022 -0.624002
1.510000 14.002784 -0.623519
1.520000 13.996551 -0.623035
1.530000 13.990323 -0.622552
1.540000 13.984100 -0.622069
1.550000 13.977882 -0.621587
1.560000 13.971669 -0.621104
1.570000 13.965460 -0.620621
1.580000 13.959256 -0.620139
1.590000 13.953057 -0.619657
1.600000 13.946863 -0.619174
1.610000 13.940674 -0.618692
1.620000 13.934489 -0.618210
1.630000 13.928309 -0.617728
1.640000 13.922135 -0.617246
1.650000 13.915965 -0.616764
1.660000 13.909799 -0.616283
1.670000 13.903639 -0.615801
1.680000 13.897483 -0.615320
1.690000 13.891332 -0.614838
1.700000 13.885186 -0.614357
1.710000 13.879045 -0.613876
1.720000 13.872909 -0.613395
1.730000 13.866777 -0.612914
1.740000 13.860651 -0.612433
1.750000 13.854529 -0.611952
1.760000 13.848412 -0.611472
1.770000 13.842299 -0.610991
1.780000 13.836192 -0.610511
1.790000 13.830089 -0.610031
1.800000 13.823991 -0.609550
1.810000 13.817898 -0.609070
1.820000 13.811810 -0.608590
1.830000 13.805726 -0.608110
1.840000 13.799648 -0.607631
1.850000 13.793574 -0.607151
1.860000 13.787505 -0.606671
1.870000 13.781440 -0.606192
1.880000 13.775381 -0.605712
1.890000 13.769326 -0.605233
1.900000 13.763276 -0.604754
1.910000 13.757231 -0.604275
1.920000 13.751191 -0.603796
1.930000 13.745155 -0.603317
1.940000 13.739124 -0.602838
1.950000 13.733098 -0.602359
1.960000 13.727077 -0.601881
1.970000 13.721061 -0.601402
1.980000 13.715049 -0.600924
1.990000 13.709042 -0.600446
2.000000 13.703040 -0.599967
2.010000 13.697043 -0.599489
2.020000 13.691050 -0.599011
2.030000 13.685063 -0.598534
2.040000 13.679080 -0.598056
2.050000 13.673101 -0.597578
2.060000 13.667128 -0.597100
2.070000 13.661159 -0.596623
2.080000 13.655196 -0.596146
2.090000 13.649237 -0.595668
2.100000 13.643282 -0.595191
2.110000 13.637333 -0.594714
2.120000 13.631388 -0.594237
2.130000 13.625448 -0.593760
2.140000 13.619513 -0.593283
2.150000 13.613582 -0.592807
2.160000 13.607657 -0.592330
2.170000 13.601736 -0.591854
2.180000 13.595820 -0.591377
2.190000 13.589908 -0.590901
2.200000 13.584002 -0.590425
2.210000 13.578100 -0.589949
2.220000 13.572203 -0.589473
2.230000 13.566310 -0.588997
2.240000 13.560423 -0.588521
2.250000 13.554540 -0.588045
2.260000 13.548662 -0.587570
2.270000 13.542788 -0.587094
2.280000 13.536920 -0.586619
2.290000 13.531056 -0.586144
2.300000 13.525197 -0.585669
2.310000 13.519343 -0.585193
2.320000 13.513493 -0.584718
2.330000 13.507648 -0.584244
2.340000 13.501808 -0.583769
2.350000 13.495973 -0.583294
2.360000 13.490142 -0.582819
2.370000 13.484317 -0.582345
2.380000 13.478495 -0.581871
2.390000 13.472679 -0.581396
2.400000 13.466868 -0.580922
2.410000 13.461061 -0.580448
2.420000 13.455259 -0.579974
2.430000 13.449461 -0.579500
2.440000 13.443669 -0.579026
2.450000 13.437881 -0.578552
2.460000 13.432097 -0.578079
2.470000 13.426319 -0.577605
2.480000 13.420545 -0.577132
2.490000 13.414776 -0.576659
2.500000 13.409012 -0.576185
2.510000 13.403253 -0.575712
2.520000 13.397498 -0.575239
2.530000 13.391748 -0.574766
2.540000 13.386003 -0.574293
2.550000 13.380262 -0.573821
2.560000 13.374526 -0.573348
2.570000 13.368795 -0.572875
2.580000 13.363069 -0.572403
2.590000 13.357347 -0.571930
2.600000 13.351630 -0.571458
2.610000 13.345918 -0.570986
2.620000 13.340210 -0.570514
2.630000 13.334508 -0.570042
2.640000 13.328810 -0.569570
2.650000 13.323116 -0.569098
2.660000 13.317428 -0.568627
2.670000 13.311744 -0.568155
2.680000 13.306064 -0.567684
2.690000 13.300390 -0.567212
2.700000 13.294720 -0.566741
2.710000 13.289055 -0.566270
2.720000 13.283395 -0.565798
2.730000 13.277739 -0.565327
2.740000 13.272088 -0.564856
2.750000 13.266442 -0.564386
2.760000 13.260801 -0.563915
2.770000 13.255164 -0.563444
2.780000 13.249532 -0.562974
2.790000 13.243904 -0.562503
2.800000 13.238282 -0.562033
2.810000 13.232664 -0.561563
2.820000 13.227050 -0.561092
2.830000 13.221442 -0.560622
2.840000 13.215838 -0.560152
2.850000 13.210239 -0.559682
2.860000 13.204644 -0.559213
2.870000 13.199055 -0.558743
2.880000 13.193469 -0.558273
2.890000 13.187889 -0.557804
2.900000 13.182313 -0.557334
2.910000 13.176742 -0.556865
2.920000 13.171176 -0.556396
2.930000 13.165614 -0.555927
2.940000 13.160058 -0.555458
2.950000 13.154505 -0.554989
2.960000 13.148958 -0.554520
2.970000 13.143415 -0.554051
2.980000 13.137877 -0.553582
2.990000 13.132343 -0.553114
3.000000 13.126814 -0.552645
3.010000 13.121290 -0.552177
3.020000 13.115771 -0.551709
3.030000 13.110256 -0.551240
3.040000 13.104746 -0.550772
3.050000 13.099241 -0.550304
3.060000 13.093740 -0.549836
3.070000 13.088244 -0.549368
3.080000 13.082753 -0.548901
3.090000 13.077266 -0.548433
3.100000 13.071784 -0.547965
3.110000 13.066307 -0.547498
3.120000 13.060834 -0.547031
3.130000 13.055366 -0.546563
3.140000 13.049903 -0.546096
3.150000 13.044444 -0.545629
3.160000 13.038990 -0.545162
3.170000 13.033541 -0.544695
3.180000 13.028096 -0.544228
3.190000 13.022656 -0.543761
3.200000 13.017221 -0.543295
3.210000 13.011790 -0.542828
3.220000 13.006364 -0.542362
3.230000 13.000943 -0.541895
3.240000 12.995527 -0.541429
3.250000 12.990115 -0.540963
3.260000 12.984707 -0.540497
3.270000 12.979305 -0.540031
3.280000 12.973907 -0.539565
3.290000 12.968513 -0.539099
3.300000 12.963125 -0.538633
3.310000 12.957741 -0.538168
3.320000 12.952361 -0.537702
3.330000 12.946987 -0.537237
3.340000 12.941617 -0.536771
3.350000 12.936251 -0.536306
3.360000 12.930891 -0.535841
3.370000 12.925534 -0.535376
3.380000 12.920183 -0.534911
3.390000 12.914836 -0.534446
3.400000 12.909494 -0.533981
3.410000 12.904157 -0.533516
3.420000 12.898824 -0.533052
3.430000 12.893496 -0.532587
3.440000 12.888172 -0.532123
3.450000 12.882853 -0.531658
3.460000 12.877539 -0.531194
3.470000 12.872229 -0.530730
3.480000 12.866924 -0.530265
3.490000 12.861624 -0.529801
3.500000 12.856328 -0.529338
3.510000 12.851037 -0.528874
3.520000 12.845751 -0.528410
3.530000 12.840469 -0.527946
3.540000 12.835192 -0.527483
3.550000 12.829919 -0.527019
3.560000 12.824651 -0.526556
3.570000 12.819388 -0.526092
3.580000 12.814130 -0.525629
3.590000 12.808876 -0.525166
3.600000 12.803626 -0.524703
3.610000 12.798382 -0.524240
3.620000 12.793141 -0.523777
3.630000 12.787906 -0.523314
3.640000 12.782675 -0.522852
3.650000 12.777449 -0.522389
3.660000 12.772227 -0.521926
3.670000 12.767010 -0.521464
3.680000 12.761798 -0.521002
3.690000 12.756590 -0.520539
3.700000 12.751387 -0.520077
3.710000 12.746189 -0.519615
3.720000 12.740995 -0.519153
3.730000 12.735806 -0.518691
3.740000 12.730621 -0.518229
3.750000 12.725441 -0.517768
3.760000 12.720266 -0.517306
3.770000 12.715095 -0.516844
3.780000 12.709929 -0.516383
3.790000 12.704767 -0.515922
3.800000 12.699611 -0.515460
3.810000 12.694458 -0.514999
3.820000 12.689311 -0.514538
3.830000 12.684167 -0.514077
3.840000 12.679029 -0.513616
3.850000 12.673895 -0.513155
3.860000 12.668766 -0.512694
3.870000 12.663641 -0.512234
3.880000 12.658521 -0.511773
3.890000 12.653406 -0.511312
3.900000 12.648295 -0.510852
3.910000 12.643189 -0.510392
3.920000 12.638087 -0.509931
3.930000 12.632990 -0.509471
3.940000 12.627898 -0.509011
3.950000 12.622810 -0.508551
3.960000 12.617727 -0.508091
3.970000 12.612648 -0.507631
3.980000 12.607574 -0.507171
3.990000 12.602505 -0.506712
4.000000 12.597440 -0.506252
4.010000 12.592380 -0.505793
4.020000 12.587324 -0.505333
4.030000 12.582273 -0.504874
4.040000 12.577227 -0.504415
4.050000 12.572185 -0.503956
4.060000 12.567147 -0.503496
4.070000 12.562115 -0.503037
4.080000 12.557087 -0.502579
4.090000 12.552063 -0.502120
4.100000 12.547044 -0.501661
4.110000 12.542030 -0.501202
4.120000 12.537020 -0.500744
4.130000 12.532015 -0.500285
4.140000 12.527015 -0.499827
4.150000 12.522019 -0.499369
4.160000 12.517027 -0.498910
4.170000 12.512040 -0.498452
4.180000 12.507058 -0.497994
4.190000 12.502080 -0.497536
4.200000 12.497107 -0.497078
4.210000 12.492139 -0.496620
4.220000 12.487175 -0.496163
4.230000 12.482216 -0.495705
4.240000 12.477261 -0.495247
4.250000 12.472311 -0.494790
4.260000 12.467365 -0.494333
4.270000 12.462424 -0.493875
4.280000 12.457488 -0.493418
4.290000 12.452556 -0.492961
4.300000 12.447628 -0.492504
4.310000 12.442706 -0.492047
4.320000 12.437787 -0.491590
4.330000 12.432874 -0.491133
4.340000 12.427965 -0.490676
4.350000 12.423060 -0.490220
4.360000 12.418160 -0.489763
4.370000 12.413265 -0.489307
4.380000 12.408374 -0.488850
4.390000 12.403488 -0.488394
4.400000 12.398606 -0.487938
4.410000 12.393729 -0.487481
4.420000 12.388857 -0.487025
4.430000 12.383989 -0.486569
4.440000 12.379125 -0.486113
4.450000 12.374266 -0.485658
4.460000 12.369412 -0.485202
4.470000 12.364562 -0.484746
4.480000 12.359717 -0.484291
4.490000 12.354877 -0.483835
4.500000 12.350041 -0.483380
4.510000 12.345209 -0.482924
4.520000 12.340382 -0.482469
4.530000 12.335560 -0.482014
4.540000 12.330742 -0.481559
4.550000 12.325928 -0.481104
4.560000 12.321120 -0.480649
4.570000 12.316315 -0.480194
4.580000 12.311516 -0.479739
4.590000 12.306721 -0.479284
4.600000 12.301930 -0.478830
4.610000 12.297144 -0.478375
4.620000 12.292363 -0.477921
4.630000 12.287586 -0.477466
4.640000 12.282813 -0.477012
4.650000 12.278045 -0.476558
4.660000 12.273282 -0.476104
4.670000 12.268523 -0.475650
4.680000 12.263769 -0.475196
4.690000 12.259019 -0.474742
4.700000 12.254274 -0.474288
4.710000 12.249534 -0.473834
4.720000 12.244798 -0.473381
4.730000 12.240066 -0.472927
4.740000 12.235339 -0.472474
4.750000 12.230617 -0.472020
4.760000 12.225899 -0.471567
4.770000 12.221185 -0.471114
4.780000 12.216476 -0.470660
4.790000 12.211772 -0.470207
4.800000 12.207072 -0.469754
4.810000 12.202377 -0.469301
4.820000 12.197686 -0.468848
4.830000 12.193000 -0.468396
4.840000 12.188318 -0.467943
4.850000 12.183641 -0.467490
4.860000 12.178969 -0.467038
4.870000 12.174300 -0.466585
4.880000 12.169637 -0.466133
4.890000 12.164978 -0.465681
4.900000 12.160323 -0.465228
4.910000 12.155673 -0.464776
4.920000 12.151028 -0.464324
4.930000 12.146387 -0.463872
4.940000 12.141750 -0.463420
4.950000 12.137118 -0.462968
4.960000 12.132491 -0.462517
4.970000 12.127868 -0.462065
4.980000 12.123250 -0.461613
4.990000 12.118636 -0.461162
5.000000 12.114026 -0.460710
5.010000 12.109421 -0.460259
5.020000 12.104821 -0.459808
5.030000 12.100225 -0.459356
5.040000 12.095634 -0.458905
5.050000 12.091047 -0.458454
5.060000 12.086465 -0.458003
5.070000 12.081887 -0.457552
5.080000 12.077314 -0.457101
5.090000 12.072745 -0.456651
5.100000 12.068181 -0.456200
5.110000 12.063621 -0.455749
5.120000 12.059066 -0.455299
5.130000 12.054515 -0.454848
5.140000 12.049969 -0.454398
5.150000 12.045427 -0.453948
5.160000 12.040890 -0.453497
5.170000 12.036357 -0.453047
5.180000 12.031829 -0.452597
5.190000 12.027305 -0.452147
5.200000 12.022786 -0.451697
5.210000 12.018271 -0.451247
5.220000 12.013761 -0.450798
5.230000 12.009255 -0.450348
5.240000 12.004754 -0.449898
5.250000 12.000257 -0.449449
5.260000 11.995765 -0.448999
5.270000 11.991277 -0.448550
5.280000 11.986794 -0.448101
5.290000 11.982315 -0.447651
5.300000 11.977841 -0.447202
5.310000 11.973371 -0.446753
5.320000 11.968906 -0.446304
5.330000 11.964445 -0.445855
5.340000 11.959989 -0.445406
5.350000 11.955537 -0.444958
5.360000 11.951090 -0.444509
5.370000 11.946647 -0.444060
5.380000 11.942209 -0.443612
5.390000 11.937775 -0.443163
5.400000 11.933345 -0.442715
5.410000 11.928920 -0.442266
5.420000 11.924500 -0.441818
5.430000 11.920084 -0.441370
5.440000 11.915673 -0.440922
5.450000 11.911266 -0.440474
5.460000 11.906863 -0.440026
5.470000 11.902465 -0.439578
5.480000 11.898072 -0.439130
5.490000 11.893683 -0.438682
5.500000 11.889298 -0.438235
5.510000 11.884918 -0.437787
5.520000 11.880542 -0.437339
5.530000 11.876171 -0.436892
5.540000 11.871804 -0.436445
5.550000 11.867442 -0.435997
5.560000 11.863084 -0.435550
5.570000 11.858731 -0.435103
5.580000 11.854382 -0.434656
5.590000 11.850038 -0.434209
5.600000 11.845698 -0.433762
5.610000 11.841363 -0.433315
5.620000 11.837032 -0.432868
5.630000 11.832705 -0.432421
5.640000 11.828383 -0.431975
5.650000 11.824066 -0.431528
5.660000 11.819753 -0.431082
5.670000 11.815444 -0.430635
5.680000 11.811140 -0.430189
5.690000 11.806841 -0.429743
5.700000 11.802545 -0.429296
5.710000 11.798255 -0.428850
5.720000 11.793968 -0.428404
5.730000 11.789687 -0.427958
5.740000 11.785409 -0.427512
5.750000 11.781136 -0.427066
5.760000 11.776868 -0.426621
5.770000 11.772604 -0.426175
5.780000 11.768344 -0.425729
5.790000 11.764089 -0.425284
5.800000 11.759839 -0.424838
5.810000 11.755593 -0.424393
5.820000 11.751351 -0.423947
5.830000 11.747114 -0.423502
5.840000 11.742881 -0.423057
5.850000 11.738652 -0.422612
5.860000 11.734429 -0.422167
5.870000 11.730209 -0.421722
5.880000 11.725994 -0.421277
5.890000 11.721784 -0.420832
5.900000 11.717578 -0.420387
5.910000 11.713376 -0.419942
5.920000 11.709179 -0.419498
5.930000 11.704986 -0.419053
5.940000 11.700798 -0.418609
5.950000 11.696614 -0.418164
5.960000 11.692434 -0.417720
5.970000 11.688259 -0.417275
5.980000 11.684089 -0.416831
5.990000 11.679923 -0.416387
6.000000 11.675761 -0.415943
6.010000 11.671604 -0.415499
6.020000 11.667451 -0.415055
6.030000 11.663303 -0.414611
6.040000 11.659159 -0.414167
6.050000 11.655019 -0.413724
6.060000 11.650884 -0.413280
6.070000 11.646754 -0.412836
6.080000 11.642628 -0.412393
6.090000 11.638506 -0.411949
6.100000 11.634389 -0.411506
6.110000 11.630276 -0.411063
6.120000 11.626167 -0.410619
6.130000 11.622063 -0.410176
6.140000 11.617964 -0.409733
6.150000 11.613869 -0.409290
6.160000 11.609778 -0.408847
6.170000 11.605692 -0.408404
6.180000 11.601610 -0.407961
6.190000 11.597533 -0.407518
6.200000 11.593460 -0.407076
6.210000 11.589391 -0.406633
6.220000 11.585327 -0.406191
6.230000 11.581267 -0.405748
6.240000 11.577212 -0.405306
6.250000 11.573161 -0.404863
6.260000 11.569115 -0.404421
6.270000 11.565073 -0.403979
6.280000 11.561035 -0.403537
6.290000 11.557002 -0.403095
6.300000 11.552973 -0.402653
6.310000 11.548949 -0.402211
6.320000 11.544929 -0.401769
6.330000 11.540914 -0.401327
6.340000 11.536903 -0.400885
6.350000 11.532896 -0.400443
6.360000 11.528894 -0.400002
6.370000 11.524896 -0.399560
6.380000 11.520902 -0.399119
6.390000 11.516914 -0.398677
6.400000 11.512929 -0.398236
6.410000 11.508949 -0.397795
6.420000 11.504973 -0.397353
6.430000 11.501002 -0.396912
6.440000 11.497035 -0.396471
6.450000 11.493072 -0.396030
6.460000 11.489114 -0.395589
6.470000 11.485161 -0.395148
6.480000 11.481211 -0.394708
6.490000 11.477266 -0.394267
6.500000 11.473326 -0.393826
6.510000 11.469390 -0.393386
6.520000 11.465458 -0.392945
6.530000 11.461531 -0.392505
6.540000 11.457608 -0.392064
6.550000 11.453690 -0.391624
6.560000 11.449776 -0.391183
6.570000 11.445866 -0.390743
6.580000 11.441961 -0.390303
6.590000 11.438060 -0.389863
6.600000 11.434163 -0.389423
6.610000 11.430271 -0.388983
6.620000 11.426384 -0.388543
6.630000 11.422501 -0.388103
6.640000 11.418622 -0.387664
6.650000 11.414747 -0.387224
6.660000 11.410877 -0.386784
6.670000 11.407012 -0.386345
6.680000 11.403150 -0.385905
6.690000 11.399294 -0.385466
6.700000 11.395441 -0.385026
6.710000 11.391593 -0.384587
6.720000 11.387749 -0.384148
6.730000 11.383910 -0.383709
6.740000 11.380075 -0.383269
6.750000 11.376245 -0.382830
6.760000 11.372419 -0.382391
6.770000 11.368597 -0.381953
6.780000 11.364780 -0.381514
6.790000 11.360967 -0.381075
6.800000 11.357158 -0.380636
6.810000 11.353354 -0.380197
6.820000 11.349554 -0.379759
6.830000 11.345759 -0.379320
6.840000 11.341968 -0.378882
6.850000 11.338181 -0.378443
6.860000 11.334399 -0.378005
6.870000 11.330621 -0.377567
6.880000 11.326847 -0.377129
6.890000 11.323078 -0.376690
6.900000 11.319314 -0.376252
6.910000 11.315553 -0.375814
6.920000 11.311797 -0.375376
6.930000 11.308046 -0.374938
6.940000 11.304299 -0.374501
6.950000 11.300556 -0.374063
6.960000 11.296817 -0.373625
6.970000 11.293083 -0.373187
6.980000 11.289354 -0.372750
6.990000 11.285628 -0.372312
7.000000 11.281907 -0.371875
7.010000 11.278191 -0.371437
7.020000 11.274479 -0.371000
7.030000 11.270771 -0.370563
7.040000 11.267067 -0.370126
7.050000 11.263368 -0.369689
7.060000 11.259674 -0.369251
7.070000 11.255983 -0.368814
7.080000 11.252297 -0.368377
7.090000 11.248616 -0.367941
7.100000 11.244938 -0.367504
7.110000 11.241266 -0.367067
7.120000 11.237597 -0.366630
7.130000 11.233933 -0.366194
7.140000 11.230273 -0.365757
7.150000 11.226618 -0.365320
7.160000 11.222967 -0.364884
7.170000 11.219320 -0.364448
7.180000 11.215678 -0.364011
7.190000 11.212040 -0.363575
7.200000 11.208406 -0.363139
7.210000 11.204777 -0.362702
7.220000 11.201152 -0.362266
7.230000 11.197532 -0.361830
7.240000 11.193916 -0.361394
7.250000 11.190304 -0.360958
7.260000 11.186697 -0.360523
7.270000 11.183094 -0.360087
7.280000 11.179495 -0.359651
7.290000 11.175900 -0.359215
7.300000 11.172311 -0.358780
7.310000 11.168725 -0.358344
7.320000 11.165144 -0.357909
7.330000 11.161567 -0.357473
7.340000 11.157994 -0.357038
7.350000 11.154426 -0.356603
7.360000 11.150862 -0.356167
7.370000 11.147303 -0.355732
7.380000 11.143747 -0.355297
7.390000 11.140197 -0.354862
7.400000 11.136650 -0.354427
7.410000 11.133108 -0.353992
7.420000 11.129570 -0.353557
7.430000 11.126037 -0.353122
7.440000 11.122508 -0.352687
7.450000 11.118983 -0.352253
7.460000 11.115463 -0.351818
7.470000 11.111947 -0.351383
7.480000 11.108435 -0.350949
7.490000 11.104928 -0.350514
7.500000 11.101425 -0.350080
7.510000 11.097926 -0.349646
7.520000 11.094432 -0.349211
7.530000 11.090942 -0.348777
7.540000 11.087456 -0.348343
7.550000 11.083975 -0.347909
7.560000 11.080498 -0.347475
7.570000 11.077026 -0.347041
7.580000 11.073558 -0.346607
7.590000 11.070094 -0.346173
7.600000 11.066634 -0.345739
7.610000 11.063179 -0.345305
7.620000 11.059728 -0.344871
7.630000 11.056281 -0.344438
7.640000 11.052839 -0.344004
7.650000 11.049401 -0.343571
7.660000 11.045968 -0.343137
7.670000 11.042539 -0.342704
7.680000 11.039114 -0.342270
7.690000 11.035693 -0.341837
7.700000 11.032277 -0.341404
7.710000 11.028865 -0.340970
7.720000 11.025458 -0.340537
7.730000 11.022054 -0.340104
7.740000 11.018655 -0.339671
7.750000 11.015261 -0.339238
7.760000 11.011871 -0.338805
7.770000 11.008485 -0.338372
7.780000 11.005103 -0.337940
7.790000 11.001726 -0.337507
7.800000 10.998353 -0.337074
7.810000 10.994985 -0.336641
7.820000 10.991620 -0.336209
7.830000 10.988260 -0.335776
7.840000 10.984905 -0.335344
7.850000 10.981553 -0.334912
7.860000 10.978207 -0.334479
7.870000 10.974864 -0.334047
7.880000 10.971526 -0.333615
7.890000 10.968192 -0.333182
7.900000 10.964862 -0.332750
7.910000 10.961537 -0.332318
7.920000 10.958216 -0.331886
7.930000 10.954899 -0.331454
7.940000 10.951587 -0.331022
7.950000 10.948278 -0.330590
7.960000 10.944975 -0.330159
7.970000 10.941675 -0.329727
7.980000 10.938380 -0.329295
7.990000 10.935089 -0.328864
8.000000 10.931803 -0.328432
8.010000 10.928521 -0.328001
8.020000 10.925243 -0.327569
8.030000 10.921969 -0.327138
8.040000 10.918700 -0.326706
8.050000 10.915435 -0.326275
8.060000 10.912175 -0.325844
8.070000 10.908918 -0.325413
8.080000 10.905666 -0.324981
8.090000 10.902419 -0.324550
8.100000 10.899175 -0.324119
8.110000 10.895936 -0.323688
8.120000 10.892702 -0.323257
8.130000 10.889471 -0.322827
8.140000 10.886245 -0.322396
8.150000 10.883023 -0.321965
8.160000 10.879806 -0.321534
8.170000 10.876593 -0.321104
8.180000 10.873384 -0.320673
8.190000 10.870179 -0.320243
8.200000 10.866979 -0.319812
8.210000 10.863783 -0.319382
8.220000 10.860591 -0.318951
8.230000 10.857404 -0.318521
8.240000 10.854221 -0.318091
8.250000 10.851042 -0.317660
8.260000 10.847868 -0.317230
8.270000 10.844697 -0.316800
8.280000 10.841532 -0.316370
8.290000 10.838370 -0.315940
8.300000 10.835213 -0.315510
8.310000 10.832060 -0.315080
8.320000 10.828911 -0.314650
8.330000 10.825767 -0.314221
8.340000 10.822627 -0.313791
8.350000 10.819491 -0.313361
8.360000 10.816360 -0.312932
8.370000 10.813232 -0.312502
8.380000 10.810109 -0.312072
8.390000 10.806991 -0.311643
8.400000 10.803877 -0.311214
8.410000 10.800767 -0.310784
8.420000 10.797661 -0.310355
8.430000 10.794560 -0.309926
8.440000 10.791462 -0.309496
8.450000 10.788370 -0.309067
8.460000 10.785281 -0.308638
8.470000 10.782197 -0.308209
8.480000 10.779117 -0.307780
8.490000 10.776041 -0.307351
8.500000 10.772970 -0.306922
8.510000 10.769903 -0.306493
8.520000 10.766840 -0.306065
8.530000 10.763782 -0.305636
8.540000 10.760727 -0.305207
8.550000 10.757677 -0.304778
8.560000 10.754632 -0.304350
8.570000 10.751590 -0.303921
8.580000 10.748553 -0.303493
8.590000 10.745521 -0.303064
8.600000 10.742492 -0.302636
8.610000 10.739468 -0.302208
8.620000 10.736448 -0.301779
8.630000 10.733432 -0.301351
8.640000 10.730421 -0.300923
8.650000 10.727414 -0.300495
8.660000 10.724411 -0.300067
8.670000 10.721412 -0.299639
8.680000 10.718418 -0.299211
8.690000 10.715428 -0.298783
8.700000 10.712443 -0.298355
8.710000 10.709461 -0.297927
8.720000 10.706484 -0.297499
8.730000 10.703511 -0.297072
8.740000 10.700543 -0.296644
8.750000 10.697578 -0.296216
8.760000 10.694618 -0.295789
8.770000 10.691662 -0.295361
8.780000 10.688711 -0.294934
8.790000 10.685764 -0.294506
8.800000 10.682821 -0.294079
8.810000 10.679882 -0.293651
8.820000 10.676948 -0.293224
8.830000 10.674018 -0.292797
8.840000 10.671092 -0.292370
8.850000 10.668170 -0.291943
8.860000 10.665253 -0.291516
8.870000 10.662340 -0.291088
8.880000 10.659431 -0.290661
8.890000 10.656527 -0.290235
8.900000 10.653627 -0.289808
8.910000 10.650731 -0.289381
8.920000 10.647839 -0.288954
8.930000 10.644952 -0.288527
8.940000 10.642068 -0.288101
8.950000 10.639190 -0.287674
8.960000 10.636315 -0.287247
8.970000 10.633445 -0.286821
8.980000 10.630579 -0.286394
8.990000 10.627717 -0.285968
9.000000 10.624859 -0.285541
9.010000 10.622006 -0.285115
9.020000 10.619157 -0.284689
9.030000 10.616312 -0.284262
9.040000 10.613472 -0.283836
9.050000 10.610635 -0.283410
9.060000 10.607803 -0.282984
9.070000 10.604976 -0.282558
9.080000 10.602152 -0.282132
9.090000 10.599333 -0.281706
9.100000 10.596518 -0.281280
9.110000 10.593707 -0.280854
9.120000 10.590901 -0.280428
9.130000 10.588099 -0.280002
9.140000 10.585301 -0.279577
9.150000 10.582507 -0.279151
9.160000 10.579718 -0.278725
9.170000 10.576933 -0.278300
9.180000 10.574152 -0.277874
9.190000 10.571375 -0.277449
9.200000 10.568603 -0.277023
9.210000 10.565835 -0.276598
9.220000 10.563071 -0.276172
9.230000 10.560311 -0.275747
9.240000 10.557556 -0.275322
9.250000 10.554805 -0.274897
9.260000 10.552058 -0.274471
9.270000 10.549316 -0.274046
9.280000 10.546577 -0.273621
9.290000 10.543843 -0.273196
9.300000 10.541113 -0.272771
9.310000 10.538388 -0.272346
9.320000 10.535666 -0.271921
9.330000 10.532949 -0.271496
9.340000 10.530237 -0.271071
9.350000 10.527528 -0.270647
9.360000 10.524824 -0.270222
9.370000 10.522123 -0.269797
9.380000 10.519428 -0.269373
9.390000 10.516736 -0.268948
9.400000 10.514049 -0.268524
9.410000 10.511366 -0.268099
9.420000 10.508687 -0.267675
9.430000 10.506012 -0.267250
9.440000 10.503342 -0.266826
9.450000 10.500676 -0.266401
9.460000 10.498014 -0.265977
9.470000 10.495356 -0.265553
9.480000 10.492703 -0.265129
9.490000 10.490053 -0.264705
9.500000 10.487409 -0.264281
9.510000 10.484768 -0.263856
9.520000 10.482131 -0.263432
9.530000 10.479499 -0.263009
9.540000 10.476871 -0.262585
9.550000 10.474247 -0.262161
9.560000 10.471628 -0.261737
9.570000 10.469013 -0.261313
9.580000 10.466402 -0.260889
9.590000 10.463795 -0.260466
9.600000 10.461192 -0.260042
9.610000 10.458594 -0.259618
9.620000 10.456000 -0.259195
9.630000 10.453410 -0.258771
9.640000 10.450825 -0.258348
9.650000 10.448243 -0.257924
9.660000 10.445666 -0.257501
9.670000 10.443093 -0.257078
9.680000 10.440525 -0.256654
9.690000 10.437960 -0.256231
9.700000 10.435400 -0.255808
9.710000 10.432844 -0.255385
9.720000 10.430292 -0.254961
9.730000 10.427745 -0.254538
9.740000 10.425201 -0.254115
9.750000 10.422662 -0.253692
9.760000 10.420128 -0.253269
9.770000 10.417597 -0.252846
9.780000 10.415071 -0.252424
9.790000 10.412549 -0.252001
9.800000 10.410031 -0.251578
9.810000 10.407517 -0.251155
9.820000 10.405008 -0.250732
9.830000 10.402502 -0.250310
9.840000 10.400001 -0.249887
9.850000 10.397505 -0.249465
9.860000 10.395012 -0.249042
9.870000 10.392524 -0.248620
9.880000 10.390040 -0.248197
9.890000 10.387560 -0.247775
9.900000 10.385084 -0.247352
9.910000 10.382613 -0.246930
9.920000 10.380146 -0.246508
9.930000 10.377683 -0.246085
9.940000 10.375224 -0.245663
9.950000 10.372769 -0.245241
9.960000 10.370319 -0.244819
9.970000 10.367873 -0.244397
9.980000 10.365431 -0.243975
9.990000 10.362994 -0.243553
10.000000 10.360560 -0.243131
10.010000 10.358131 -0.242709
10.020000 10.355706 -0.242287
10.030000 10.353285 -0.241865
10.040000 10.350869 -0.241443
10.050000 10.348456 -0.241022
10.060000 10.346048 -0.240600
10.070000 10.343644 -0.240178
10.080000 10.341245 -0.239757
10.090000 10.338849 -0.239335
10.100000 10.336458 -0.238913
10.110000 10.334071 -0.238492
10.120000 10.331688 -0.238070
10.130000 10.329310 -0.237649
10.140000 10.326935 -0.237228
10.150000 10.324565 -0.236806
10.160000 10.322199 -0.236385
10.170000 10.319837 -0.235964
10.180000 10.317480 -0.235542
10.190000 10.315126 -0.235121
10.200000 10.312777 -0.234700
10.210000 10.310432 -0.234279
10.220000 10.308092 -0.233858
10.230000 10.305755 -0.233437
10.240000 10.303423 -0.233016
10.250000 10.301095 -0.232595
10.260000 10.298771 -0.232174
10.270000 10.296451 -0.231753
10.280000 10.294136 -0.231332
10.290000 10.291825 -0.230911
10.300000 10.289518 -0.230491
10.310000 10.287215 -0.230070
10.320000 10.284916 -0.229649
10.330000 10.282622 -0.229228
10.340000 10.280332 -0.228808
10.350000 10.278046 -0.228387
10.360000 10.275764 -0.227967
10.370000 10.273487 -0.227546
10.380000 10.271213 -0.227126
10.390000 10.268944 -0.226705
10.400000 10.266679 -0.226285
10.410000 10.264418 -0.225865
10.420000 10.262162 -0.225444
10.430000 10.259909 -0.225024
10.440000 10.257661 -0.224604
10.450000 10.255417 -0.224184
10.460000 10.253178 -0.223763
10.470000 10.250942 -0.223343
10.480000 10.248711 -0.222923
10.490000 10.246484 -0.222503
10.500000 10.244261 -0.222083
10.510000 10.242042 -0.221663
10.520000 10.239827 -0.221243
10.530000 10.237617 -0.220823
10.540000 10.235411 -0.220404
10.550000 10.233209 -0.219984
10.560000 10.231011 -0.219564
10.570000 10.228818 -0.219144
10.580000 10.226628 -0.218724
10.590000 10.224443 -0.218305
10.600000 10.222262 -0.217885
10.610000 10.220086 -0.217466
10.620000 10.217913 -0.217046
10.630000 10.215745 -0.216626
10.640000 10.213580 -0.216207
10.650000 10.211421 -0.215787
10.660000 10.209265 -0.215368
10.670000 10.207113 -0.214949
10.680000 10.204966 -0.214529
10.690000 10.202823 -0.214110
10.700000 10.200684 -0.213691
10.710000 10.198549 -0.213272
10.720000 10.196418 -0.212852
10.730000 10.194292 -0.212433
10.740000 10.192169 -0.212014
10.750000 10.190051 -0.211595
10.760000 10.187938 -0.211176
10.770000 10.185828 -0.210757
10.780000 10.183722 -0.210338
10.790000 10.181621 -0.209919
10.800000 10.179524 -0.209500
10.810000 10.177431 -0.209081
10.820000 10.175342 -0.208662
10.830000 10.173258 -0.208243
10.840000 10.171178 -0.207825
10.850000 10.169101 -0.207406
10.860000 10.167029 -0.206987
10.870000 10.164962 -0.206569
10.880000 10.162898 -0.206150
10.890000 10.160839 -0.205731
10.900000 10.158783 -0.205313
10.910000 10.156732 -0.204894
10.920000 10.154686 -0.204476
10.930000 10.152643 -0.204057
10.940000 10.150604 -0.203639
10.950000 10.148570 -0.203220
10.960000 10.146540 -0.202802
10.970000 10.144514 -0.202384
10.980000 10.142492 -0.201965
10.990000 10.140475 -0.201547
11.000000 10.138461 -0.201129
11.010000 10.136452 -0.200711
11.020000 10.134447 -0.200293
11.030000 10.132446 -0.199874
11.040000 10.130450 -0.199456
11.050000 10.128457 -0.199038
11.060000 10.126469 -0.198620
11.070000 10.124485 -0.198202
11.080000 10.122505 -0.197784
11.090000 10.120529 -0.197366
11.100000 10.118558 -0.196948
11.110000 10.116590 -0.196531
11.120000 10.114627 -0.196113
11.130000 10.112668 -0.195695
11.140000 10.110713 -0.195277
11.150000 10.108762 -0.194860
11.160000 10.106816 -0.194442
11.170000 10.104874 -0.194024
11.180000 10.102935 -0.193607
11.190000 10.101001 -0.193189
11.200000 10.099072 -0.192771
11.210000 10.097146 -0.192354
11.220000 10.095225 -0.191936
11.230000 10.093307 -0.191519
11.240000 10.091394 -0.191101
11.250000 10.089485 -0.190684
11.260000 10.087580 -0.190267
11.270000 10.085680 -0.189849
11.280000 10.083783 -0.189432
11.290000 10.081891 -0.189015
11.300000 10.080003 -0.188597
11.310000 10.078119 -0.188180
11.320000 10.076240 -0.187763
11.330000 10.074364 -0.187346
11.340000 10.072493 -0.186929
11.350000 10.070625 -0.186512
11.360000 10.068762 -0.186095
11.370000 10.066904 -0.185678
11.380000 10.065049 -0.185261
11.390000 10.063198 -0.184844
11.400000 10.061352 -0.184427
11.410000 10.059510 -0.184010
11.420000 10.057672 -0.183593
11.430000 10.055838 -0.183176
11.440000 10.054008 -0.182759
11.450000 10.052183 -0.182343
11.460000 10.050361 -0.181926
11.470000 10.048544 -0.181509
11.480000 10.046731 -0.181092
11.490000 10.044922 -0.180676
11.500000 10.043118 -0.180259
11.510000 10.041317 -0.179843
11.520000 10.039521 -0.179426
11.530000 10.037729 -0.179009
11.540000 10.035941 -0.178593
11.550000 10.034157 -0.178177
11.560000 10.032377 -0.177760
11.570000 10.030602 -0.177344
11.580000 10.028830 -0.176927
11.590000 10.027063 -0.176511
11.600000 10.025300 -0.176095
11.610000 10.023541 -0.175678
11.620000 10.021786 -0.175262
11.630000 10.020036 -0.174846
11.640000 10.018290 -0.174430
11.650000 10.016547 -0.174013
11.660000 10.014809 -0.173597
11.670000 10.013075 -0.173181
11.680000 10.011346 -0.172765
11.690000 10.009620 -0.172349
11.700000 10.007899 -0.171933
11.710000 10.006181 -0.171517
11.720000 10.004468 -0.171101
11.730000 10.002759 -0.170685
11.740000 10.001055 -0.170269
11.750000 9.999354 -0.169853
11.760000 9.997658 -0.169437
11.770000 9.995965 -0.169022
11.780000 9.994277 -0.168606
11.790000 9.992593 -0.168190
11.800000 9.990913 -0.167774
11.810000 9.989238 -0.167359
11.820000 9.987566 -0.166943
11.830000 9.985899 -0.166527
11.840000 9.984236 -0.166112
11.850000 9.982577 -0.165696
11.860000 9.980922 -0.165280
11.870000 9.979271 -0.164865
11.880000 9.977624 -0.164449
11.890000 9.975982 -0.164034
11.900000 9.974344 -0.163618
11.910000 9.972710 -0.163203
11.920000 9.971080 -0.162788
11.930000 9.969454 -0.162372
11.940000 9.967832 -0.161957
11.950000 9.966215 -0.161541
11.960000 9.964601 -0.161126
11.970000 9.962992 -0.160711
11.980000 9.961387 -0.160296
11.990000 9.959786 -0.159880
12.000000 9.958190 -0.159465
12.010000 9.956597 -0.159050
12.020000 9.955009 -0.158635
12.030000 9.953424 -0.158220
12.040000 9.951844 -0.157805
12.050000 9.950268 -0.157390
12.060000 9.948696 -0.156975
12.070000 9.947129 -0.156560
12.080000 9.945565 -0.156145
12.090000 9.944006 -0.155730
12.100000 9.942451 -0.155315
12.110000 9.940900 -0.154900
12.120000 9.939353 -0.154485
12.130000 9.937810 -0.154070
12.140000 9.936271 -0.153655
12.150000 9.934737 -0.153240
12.160000 9.933206 -0.152826
12.170000 9.931680 -0.152411
12.180000 9.930158 -0.151996
12.190000 9.928640 -0.151582
12.200000 9.927127 -0.151167
12.210000 9.925617 -0.150752
12.220000 9.924112 -0.150338
12.230000 9.922610 -0.149923
12.240000 9.921113 -0.149508
12.250000 9.919620 -0.149094
12.260000 9.918131 -0.148679
12.270000 9.916646 -0.148265
12.280000 9.915166 -0.147850
12.290000 9.913689 -0.147436
12.300000 9.912217 -0.147022
12.310000 9.910749 -0.146607
12.320000 9.909285 -0.146193
12.330000 9.907825 -0.145778
12.340000 9.906369 -0.145364
12.350000 9.904918 -0.144950
12.360000 9.903470 -0.144536
12.370000 9.902027 -0.144121
12.380000 9.900588 -0.143707
12.390000 9.899153 -0.143293
12.400000 9.897722 -0.142879
12.410000 9.896295 -0.142465
12.420000 9.894873 -0.142050
12.430000 9.893454 -0.141636
12.440000 9.892040 -0.141222
12.450000 9.890630 -0.140808
12.460000 9.889224 -0.140394
12.470000 9.887822 -0.139980
12.480000 9.886424 -0.139566
12.490000 9.885031 -0.139152
12.500000 9.883641 -0.138738
12.510000 9.882256 -0.138324
12.520000 9.880875 -0.137910
12.530000 9.879498 -0.137497
12.540000 9.878125 -0.137083
12.550000 9.876756 -0.136669
12.560000 9.875392 -0.136255
12.570000 9.874031 -0.135841
12.580000 9.872675 -0.135428
12.590000 9.871322 -0.135014
12.600000 9.869974 -0.134600
12.610000 9.868630 -0.134186
12.620000 9.867291 -0.133773
12.630000 9.865955 -0.133359
12.640000 9.864624 -0.132946
12.650000 9.863296 -0.132532
12.660000 9.861973 -0.132118
12.670000 9.860654 -0.131705
12.680000 9.859339 -0.131291
12.690000 9.858028 -0.130878
12.700000 9.856721 -0.130464
12.710000 9.855419 -0.130051
12.720000 9.854120 -0.129637
12.730000 9.852826 -0.129224
12.740000 9.851536 -0.128811
12.750000 9.850250 -0.128397
12.760000 9.848968 -0.127984
12.770000 9.847690 -0.127570
12.780000 9.846416 -0.127157
12.790000 9.845147 -0.126744
12.800000 9.843881 -0.126331
12.810000 9.842620 -0.125917
12.820000 9.841363 -0.125504
12.830000 9.840110 -0.125091
12.840000 9.838861 -0.124678
12.850000 9.837617 -0.124265
12.860000 9.836376 -0.123851
12.870000 9.835140 -0.123438
12.880000 9.833907 -0.123025
12.890000 9.832679 -0.122612
12.900000 9.831455 -0.122199
12.910000 9.830235 -0.121786
12.920000 9.829019 -0.121373
12.930000 9.827808 -0.120960
12.940000 9.826600 -0.120547
12.950000 9.825397 -0.120134
12.960000 9.824197 -0.119721
12.970000 9.823002 -0.119308
12.980000 9.821811 -0.118895
12.990000 9.820624 -0.118482
13.000000 9.819442 -0.118070
13.010000 9.818263 -0.117657
13.020000 9.817088 -0.117244
13.030000 9.815918 -0.116831
13.040000 9.814752 -0.116418
13.050000 9.813590 -0.116006
13.060000 9.812432 -0.115593
13.070000 9.811278 -0.115180
13.080000 9.810128 -0.114767
13.090000 9.808983 -0.114355
13.100000 9.807841 -0.113942
13.110000 9.806704 -0.113529
13.120000 9.805570 -0.113117
13.130000 9.804441 -0.112704
13.140000 9.803316 -0.112292
13.150000 9.802196 -0.111879
13.160000 9.801079 -0.111467
13.170000 9.799966 -0.111054
13.180000 9.798858 -0.110641
13.190000 9.797753 -0.110229
13.200000 9.796653 -0.109817
13.210000 9.795557 -0.109404
13.220000 9.794465 -0.108992
13.230000 9.793377 -0.108579
13.240000 9.792293 -0.108167
13.250000 9.791214 -0.107754
13.260000 9.790138 -0.107342
13.270000 9.789067 -0.106930
13.280000 9.788000 -0.106517
13.290000 9.786937 -0.106105
13.300000 9.785878 -0.105693
13.310000 9.784823 -0.105281
13.320000 9.783772 -0.104868
13.330000 9.782725 -0.104456
13.340000 9.781683 -0.104044
13.350000 9.780645 -0.103632
13.360000 9.779610 -0.103219
13.370000 9.778580 -0.102807
13.380000 9.777554 -0.102395
13.390000 9.776532 -0.101983
13.400000 9.775515 -0.101571
13.410000 9.774501 -0.101159
13.420000 9.773491 -0.100747
13.430000 9.772486 -0.100335
13.440000 9.771485 -0.099923
13.450000 9.770487 -0.099510
13.460000 9.769494 -0.099098
13.470000 9.768506 -0.098686
13.480000 9.767521 -0.098274
13.490000 9.766540 -0.097863
13.500000 9.765563 -0.097451
13.510000 9.764591 -0.097039
13.520000 9.763623 -0.096627
13.530000 9.762658 -0.096215
13.540000 9.761698 -0.095803
13.550000 9.760742 -0.095391
13.560000 9.759791 -0.094979
13.570000 9.758843 -0.094567
13.580000 9.757899 -0.094156
13.590000 9.756960 -0.093744
13.600000 9.756024 -0.093332
13.610000 9.755093 -0.092920
13.620000 9.754166 -0.092508
13.630000 9.753243 -0.092097
13.640000 9.752324 -0.091685
13.650000 9.751409 -0.091273
13.660000 9.750499 -0.090862
13.670000 9.749592 -0.090450
13.680000 9.748690 -0.090038
13.690000 9.747791 -0.089627
13.700000 9.746897 -0.089215
13.710000 9.746007 -0.088803
13.720000 9.745121 -0.088392
13.730000 9.744239 -0.087980
13.740000 9.743361 -0.087569
13.750000 9.742488 -0.087157
13.760000 9.741618 -0.086745
13.770000 9.740753 -0.086334
13.780000 9.739892 -0.085922
13.790000 9.739034 -0.085511
13.800000 9.738181 -0.085099
13.810000 9.737332 -0.084688
13.820000 9.736488 -0.084276
13.830000 9.735647 -0.083865
13.840000 9.734810 -0.083454
13.850000 9.733978 -0.083042
13.860000 9.733149 -0.082631
13.870000 9.732325 -0.082219
13.880000 9.731505 -0.081808
13.890000 9.730689 -0.081397
13.900000 9.729877 -0.080985
13.910000 9.729069 -0.080574
13.920000 9.728266 -0.080163
13.930000 9.727466 -0.079751
13.940000 9.726671 -0.079340
13.950000 9.725879 -0.078929
13.960000 9.725092 -0.078517
13.970000 9.724309 -0.078106
13.980000 9.723530 -0.077695
13.990000 9.722755 -0.077284
14.000000 9.721984 -0.076872
14.010000 9.721218 -0.076461
14.020000 9.720455 -0.076050
14.030000 9.719697 -0.075639
14.040000 9.718942 -0.075228
14.050000 9.718192 -0.074817
14.060000 9.717446 -0.074405
14.070000 9.716704 -0.073994
14.080000 9.715966 -0.073583
14.090000 9.715232 -0.073172
14.100000 9.714503 -0.072761
14.110000 9.713777 -0.072350
14.120000 9.713056 -0.071939
14.130000 9.712338 -0.071528
14.140000 9.711625 -0.071117
14.150000 9.710916 -0.070706
14.160000 9.710211 -0.070295
14.170000 9.709510 -0.069884
14.180000 9.708813 -0.069473
14.190000 9.708121 -0.069062
14.200000 9.707432 -0.068651
14.210000 9.706748 -0.068240
14.220000 9.706067 -0.067829
14.230000 9.705391 -0.067418
14.240000 9.704719 -0.067007
14.250000 9.704051 -0.066596
14.260000 9.703387 -0.066185
14.270000 9.702727 -0.065774
14.280000 9.702071 -0.065363
14.290000 9.701420 -0.064953
14.300000 9.700772 -0.064542
14.310000 9.700129 -0.064131
14.320000 9.699490 -0.063720
14.330000 9.698855 -0.063309
14.340000 9.698224 -0.062898
14.350000 9.697597 -0.062488
14.360000 9.696974 -0.062077
14.370000 9.696355 -0.061666
14.380000 9.695740 -0.061255
14.390000 9.695130 -0.060844
14.400000 9.694524 -0.060434
14.410000 9.693921 -0.060023
14.420000 9.693323 -0.059612
14.430000 9.692729 -0.059202
14.440000 9.692139 -0.058791
14.450000 9.691553 -0.058380
14.460000 9.690972 -0.057969
14.470000 9.690394 -0.057559
14.480000 9.689820 -0.057148
14.490000 9.689251 -0.056737
14.500000 9.688686 -0.056327
14.510000 9.688124 -0.055916
14.520000 9.687567 -0.055505
14.530000 9.687014 -0.055095
14.540000 9.686465 -0.054684
14.550000 9.685921 -0.054274
14.560000 9.685380 -0.053863
14.570000 9.684843 -0.053452
14.580000 9.684311 -0.053042
14.590000 9.683782 -0.052631
14.600000 9.683258 -0.052221
14.610000 9.682738 -0.051810
14.620000 9.682222 -0.051400
14.630000 9.681710 -0.050989
14.640000 9.681202 -0.050579
14.650000 9.680699 -0.050168
14.660000 9.680199 -0.049757
14.670000 9.679703 -0.049347
14.680000 9.679212 -0.048936
14.690000 9.678725 -0.048526
14.700000 9.678241 -0.048116
14.710000 9.677762 -0.047705
14.720000 9.677287 -0.047295
14.730000 9.676816 -0.046884
14.740000 9.676350 -0.046474
14.750000 9.675887 -0.046063
14.760000 9.675428 -0.045653
14.770000 9.674974 -0.045242
14.780000 9.674524 -0.044832
14.790000 9.674077 -0.044422
14.800000 9.673635 -0.044011
14.810000 9.673197 -0.043601
14.820000 9.672763 -0.043190
14.830000 9.672333 -0.042780
14.840000 9.671907 -0.042370
14.850000 9.671486 -0.041959
14.860000 9.671068 -0.041549
14.870000 9.670655 -0.041139
14.880000 9.670246 -0.040728
14.890000 9.669840 -0.040318
14.900000 9.669439 -0.039908
14.910000 9.669042 -0.039497
14.920000 9.668649 -0.039087
14.930000 9.668260 -0.038677
14.940000 9.667876 -0.038266
14.950000 9.667495 -0.037856
14.960000 9.667119 -0.037446
14.970000 9.666746 -0.037035
14.980000 9.666378 -0.036625
14.990000 9.666014 -0.036215
15.000000 9.665654 -0.035805
15.010000 9.665298 -0.035394
15.020000 9.664946 -0.034984
15.030000 9.664598 -0.034574
15.040000 9.664254 -0.034164
15.050000 9.663915 -0.033753
15.060000 9.663579 -0.033343
15.070000 9.663248 -0.032933
15.080000 9.662920 -0.032523
15.090000 9.662597 -0.032112
15.100000 9.662278 -0.031702
15.110000 9.661963 -0.031292
15.120000 9.661652 -0.030882
15.130000 9.661346 -0.030472
15.140000 9.661043 -0.030062
15.150000 9.660744 -0.029651
15.160000 9.660450 -0.029241
15.170000 9.660160 -0.028831
15.180000 9.659873 -0.028421
15.190000 9.659591 -0.028011
15.200000 9.659313 -0.027600
15.210000 9.659039 -0.027190
15.220000 9.658769 -0.026780
15.230000 9.658504 -0.026370
15.240000 9.658242 -0.025960
15.250000 9.657984 -0.025550
15.260000 9.657731 -0.025140
15.270000 9.657482 -0.024730
15.280000 9.657236 -0.024319
15.290000 9.656995 -0.023909
15.300000 9.656758 -0.023499
15.310000 9.656525 -0.023089
15.320000 9.656296 -0.022679
15.330000 9.656072 -0.022269
15.340000 9.655851 -0.021859
15.350000 9.655634 -0.021449
15.360000 9.655422 -0.021039
15.370000 9.655214 -0.020628
15.380000 9.655009 -0.020218
15.390000 9.654809 -0.019808
15.400000 9.654613 -0.019398
15.410000 9.654421 -0.018988
15.420000 9.654233 -0.018578
15.430000 9.654050 -0.018168
15.440000 9.653870 -0.017758
15.450000 9.653695 -0.017348
15.460000 9.653523 -0.016938
15.470000 9.653356 -0.016528
15.480000 9.653193 -0.016118
15.490000 9.653033 -0.015708
15.500000 9.652878 -0.015298
15.510000 9.652728 -0.014888
15.520000 9.652581 -0.014477
15.530000 9.652438 -0.014067
15.540000 9.652299 -0.013657
15.550000 9.652165 -0.013247
15.560000 9.652034 -0.012837
15.570000 9.651908 -0.012427
15.580000 9.651786 -0.012017
15.590000 9.651668 -0.011607
15.600000 9.651554 -0.011197
15.610000 9.651444 -0.010787
15.620000 9.651338 -0.010377
15.630000 9.651236 -0.009967
15.640000 9.651139 -0.009557
15.650000 9.651045 -0.009147
15.660000 9.650956 -0.008737
15.670000 9.650870 -0.008327
15.680000 9.650789 -0.007917
15.690000 9.650712 -0.007507
15.700000 9.650639 -0.007097
15.710000 9.650570 -0.006687
15.720000 9.650505 -0.006277
15.730000 9.650445 -0.005867
15.740000 9.650388 -0.005457
15.750000 9.650335 -0.005047
15.760000 9.650287 -0.004637
15.770000 9.650243 -0.004227
15.780000 9.650202 -0.003817
15.790000 9.650166 -0.003407
15.800000 9.650134 -0.002997
15.810000 9.650106 -0.002587
15.820000 9.650083 -0.002177
15.830000 9.650063 -0.001767
15.840000 9.650047 -0.001357
15.850000 9.650036 -0.000947
15.860000 9.650028 -0.000537
15.870000 9.650025 -0.000127
15.880000 9.650026 0.000283
15.890000 9.650031 0.000693
15.900000 9.650040 0.001103
15.910000 9.650053 0.001513
15.920000 9.650070 0.001923
15.930000 9.650091 0.002333
15.940000 9.650117 0.002743
15.950000 9.650146 0.003153
15.960000 9.650180 0.003563
15.970000 9.650217 0.003973
15.980000 9.650259 0.004383
15.990000 9.650305 0.004793
16.000000 9.650355 0.005203
16.010000 9.650409 0.005613
16.020000 9.650467 0.006023
16.030000 9.650529 0.006433
16.040000 9.650596 0.006843
16.050000 9.650666 0.007253
16.060000 9.650741 0.007663
16.070000 9.650820 0.008073
16.080000 9.650902 0.008483
16.090000 9.650989 0.008893
16.100000 9.651080 0.009303
16.110000 9.651175 0.009713
16.120000 9.651274 0.010123
16.130000 9.651378 0.010533
16.140000 9.651485 0.010943
16.150000 9.651597 0.011353
16.160000 9.651712 0.011763
16.170000 9.651832 0.012173
16.180000 9.651956 0.012583
16.190000 9.652084 0.012993
16.200000 9.652216 0.013403
16.210000 9.652352 0.013813
16.220000 9.652492 0.014223
16.230000 9.652636 0.014634
16.240000 9.652784 0.015044
16.250000 9.652937 0.015454
16.260000 9.653094 0.015864
16.270000 9.653254 0.016274
16.280000 9.653419 0.016684
16.290000 9.653588 0.017094
16.300000 9.653761 0.017504
16.310000 9.653938 0.017914
16.320000 9.654119 0.018324
16.330000 9.654304 0.018734
16.340000 9.654494 0.019144
16.350000 9.654687 0.019554
16.360000 9.654885 0.019964
16.370000 9.655087 0.020374
16.380000 9.655292 0.020785
16.390000 9.655502 0.021195
16.400000 9.655716 0.021605
16.410000 9.655934 0.022015
16.420000 9.656157 0.022425
16.430000 9.656383 0.022835
16.440000 9.656613 0.023245
16.450000 9.656848 0.023655
16.460000 9.657086 0.024065
16.470000 9.657329 0.024475
16.480000 9.657576 0.024886
16.490000 9.657827 0.025296
16.500000 9.658082 0.025706
16.510000 9.658341 0.026116
16.520000 9.658604 0.026526
16.530000 9.658871 0.026936
16.540000 9.659143 0.027346
16.550000 9.659418 0.027757
16.560000 9.659698 0.028167
16.570000 9.659982 0.028577
16.580000 9.660270 0.028987
16.590000 9.660561 0.029397
16.600000 9.660858 0.029807
16.610000 9.661158 0.030218
16.620000 9.661462 0.030628
16.630000 9.661770 0.031038
16.640000 9.662083 0.031448
16.650000 9.662399 0.031858
16.660000 9.662720 0.032269
16.670000 9.663045 0.032679
16.680000 9.663373 0.033089
16.690000 9.663706 0.033499
16.700000 9.664043 0.033910
16.710000 9.664385 0.034320
16.720000 9.664730 0.034730
16.730000 9.665079 0.035140
16.740000 9.665433 0.035551
16.750000 9.665790 0.035961
16.760000 9.666152 0.036371
16.770000 9.666518 0.036781
16.780000 9.666887 0.037192
16.790000 9.667261 0.037602
16.800000 9.667639 0.038012
16.810000 9.668022 0.038422
16.820000 9.668408 0.038833
16.830000 9.668798 0.039243
16.840000 9.669193 0.039653
16.850000 9.669591 0.040064
16.860000 9.669994 0.040474
16.870000 9.670401 0.040884
16.880000 9.670812 0.041295
16.890000 9.671227 0.041705
16.900000 9.671646 0.042115
16.910000 9.672069 0.042526
16.920000 9.672496 0.042936
16.930000 9.672928 0.043347
16.940000 9.673363 0.043757
16.950000 9.673803 0.044167
16.960000 9.674247 0.044578
16.970000 9.674694 0.044988
16.980000 9.675146 0.045399
16.990000 9.675602 0.045809
17.000000 9.676063 0.046219
17.010000 9.676527 0.046630
17.020000 9.676995 0.047040
17.030000 9.677468 0.047451
17.040000 9.677944 0.047861
17.050000 9.678425 0.048272
17.060000 9.678910 0.048682
17.070000 9.679398 0.049093
17.080000 9.679891 0.049503
17.090000 9.680389 0.049914
17.100000 9.680890 0.050324
17.110000 9.681395 0.050735
17.120000 9.681904 0.051145
17.130000 9.682418 0.051556
17.140000 9.682936 0.051966
17.150000 9.683457 0.052377
17.160000 9.683983 0.052788
17.170000 9.684513 0.053198
17.180000 9.685047 0.053609
17.190000 9.685585 0.054019
17.200000 9.686127 0.054430
17.210000 9.686674 0.054840
17.220000 9.687224 0.055251
17.230000 9.687779 0.055662
17.240000 9.688337 0.056072
17.250000 9.688900 0.056483
17.260000 9.689467 0.056894
17.270000 9.690038 0.057304
17.280000 9.690613 0.057715
17.290000 9.691192 0.058126
17.300000 9.691776 0.058536
17.310000 9.692363 0.058947
17.320000 9.692955 0.059358
17.330000 9.693550 0.059769
17.340000 9.694150 0.060179
17.350000 9.694754 0.060590
17.360000 9.695362 0.061001
17.370000 9.695974 0.061412
17.380000 9.696590 0.061822
17.390000 9.697210 0.062233
17.400000 9.697835 0.062644
17.410000 9.698463 0.063055
17.420000 9.699096 0.063466
17.430000 9.699733 0.063876
17.440000 9.700373 0.064287
17.450000 9.701018 0.064698
17.460000 9.701667 0.065109
17.470000 9.702320 0.065520
17.480000 9.702978 0.065931
17.490000 9.703639 0.066342
17.500000 9.704305 0.066752
17.510000 9.704974 0.067163
17.520000 9.705648 0.067574
17.530000 9.706326 0.067985
17.540000 9.707008 0.068396
17.550000 9.707694 0.068807
17.560000 9.708384 0.069218
17.570000 9.709078 0.069629
17.580000 9.709776 0.070040
17.590000 9.710479 0.070451
17.600000 9.711185 0.070862
17.610000 9.711896 0.071273
17.620000 9.712611 0.071684
17.630000 9.713330 0.072095
17.640000 9.714053 0.072506
17.650000 9.714780 0.072917
17.660000 9.715511 0.073329
17.670000 9.716246 0.073740
17.680000 9.716986 0.074151
17.690000 9.717729 0.074562
17.700000 9.718477 0.074973
17.710000 9.719229 0.075384
17.720000 9.719985 0.075795
17.730000 9.720745 0.076207
17.740000 9.721509 0.076618
17.750000 9.722277 0.077029
17.760000 9.723049 0.077440
17.770000 9.723826 0.077851
17.780000 9.724606 0.078263
17.790000 9.725391 0.078674
17.800000 9.726180 0.079085
17.810000 9.726973 0.079497
17.820000 9.727770 0.079908
17.830000 9.728571 0.080319
17.840000 9.729376 0.080730
17.850000 9.730186 0.081142
17.860000 9.730999 0.081553
17.870000 9.731817 0.081965
17.880000 9.732638 0.082376
17.890000 9.733464 0.082787
17.900000 9.734294 0.083199
17.910000 9.735128 0.083610
17.920000 9.735966 0.084022
17.930000 9.736809 0.084433
17.940000 9.737655 0.084844
17.950000 9.738505 0.085256
17.960000 9.739360 0.085667
17.970000 9.740219 0.086079
17.980000 9.741082 0.086490
17.990000 9.741949 0.086902
18.000000 9.742820 0.087314
18.010000 9.743695 0.087725
18.020000 9.744574 0.088137
18.030000 9.745458 0.088548
18.040000 9.746345 0.088960
18.050000 9.747237 0.089372
18.060000 9.748133 0.089783
18.070000 9.749033 0.090195
18.080000 9.749937 0.090607
18.090000 9.750845 0.091018
18.100000 9.751757 0.091430
18.110000 9.752673 0.091842
18.120000 9.753594 0.092253
18.130000 9.754518 0.092665
18.140000 9.755447 0.093077
18.150000 9.756380 0.093489
18.160000 9.757317 0.093900
18.170000 9.758258 0.094312
18.180000 9.759203 0.094724
18.190000 9.760152 0.095136
18.200000 9.761106 0.095548
18.210000 9.762063 0.095960
18.220000 9.763025 0.096372
18.230000 9.763991 0.096783
18.240000 9.764961 0.097195
18.250000 9.765935 0.097607
18.260000 9.766913 0.098019
18.270000 9.767895 0.098431
18.280000 9.768881 0.098843
18.290000 9.769872 0.099255
18.300000 9.770866 0.099667
18.310000 9.771865 0.100079
18.320000 9.772868 0.100491
18.330000 9.773875 0.100903
18.340000 9.774886 0.101316
18.350000 9.775901 0.101728
18.360000 9.776921 0.102140
18.370000 9.777944 0.102552
18.380000 9.778972 0.102964
18.390000 9.780003 0.103376
18.400000 9.781039 0.103788
18.410000 9.782079 0.104201
18.420000 9.783123 0.104613
18.430000 9.784171 0.105025
18.440000 9.785224 0.105437
18.450000 9.786280 0.105850
18.460000 9.787341 0.106262
18.470000 9.788405 0.106674
18.480000 9.789474 0.107087
18.490000 9.790547 0.107499
18.500000 9.791624 0.107911
18.510000 9.792705 0.108324
18.520000 9.793791 0.108736
18.530000 9.794880 0.109149
18.540000 9.795974 0.109561
18.550000 9.797071 0.109973
18.560000 9.798173 0.110386
18.570000 9.799279 0.110798
18.580000 9.800389 0.111211
18.590000 9.801503 0.111624
18.600000 9.802622 0.112036
18.610000 9.803744 0.112449
18.620000 9.804871 0.112861
18.630000 9.806001 0.113274
18.640000 9.807136 0.113686
18.650000 9.808275 0.114099
18.660000 9.809418 0.114512
18.670000 9.810565 0.114925
18.680000 9.811717 0.115337
18.690000 9.812872 0.115750
18.700000 9.814032 0.116163
18.710000 9.815195 0.116575
18.720000 9.816363 0.116988
18.730000 9.817535 0.117401
18.740000 9.818711 0.117814
18.750000 9.819891 0.118227
18.760000 9.821076 0.118640
18.770000 9.822264 0.119052
18.780000 9.823457 0.119465
18.790000 9.824653 0.119878
18.800000 9.825854 0.120291
18.810000 9.827059 0.120704
18.820000 9.828268 0.121117
18.830000 9.829482 0.121530
18.840000 9.830699 0.121943
18.850000 9.831920 0.122356
18.860000 9.833146 0.122769
18.870000 9.834376 0.123182
18.880000 9.835610 0.123596
18.890000 9.836848 0.124009
18.900000 9.838090 0.124422
18.910000 9.839336 0.124835
18.920000 9.840587 0.125248
18.930000 9.841841 0.125661
18.940000 9.843100 0.126075
18.950000 9.844363 0.126488
18.960000 9.845630 0.126901
18.970000 9.846901 0.127314
18.980000 9.848176 0.127728
18.990000 9.849455 0.128141
19.000000 9.850739 0.128554
19.010000 9.852026 0.128968
19.020000 9.853318 0.129381
19.030000 9.854614 0.129795
19.040000 9.855914 0.130208
19.050000 9.857218 0.130622
19.060000 9.858526 0.131035
19.070000 9.859839 0.131449
19.080000 9.861155 0.131862
19.090000 9.862476 0.132276
19.100000 9.863801 0.132689
19.110000 9.865130 0.133103
19.120000 9.866463 0.133517
19.130000 9.867800 0.133930
19.140000 9.869141 0.134344
19.150000 9.870487 0.134758
19.160000 9.871837 0.135171
19.170000 9.873190 0.135585
19.180000 9.874548 0.135999
19.190000 9.875910 0.136413
19.200000 9.877277 0.136826
19.210000 9.878647 0.137240
19.220000 9.880021 0.137654
19.230000 9.881400 0.138068
19.240000 9.882783 0.138482
19.250000 9.884170 0.138896
19.260000 9.885561 0.139310
19.270000 9.886956 0.139724
19.280000 9.888355 0.140138
19.290000 9.889759 0.140552
19.300000 9.891166 0.140966
19.310000 9.892578 0.141380
19.320000 9.893994 0.141794
19.330000 9.895414 0.142208
19.340000 9.896838 0.142622
19.350000 9.898266 0.143036
19.360000 9.899699 0.143451
19.370000 9.901135 0.143865
19.380000 9.902576 0.144279
19.390000 9.904021 0.144693
19.400000 9.905470 0.145107
19.410000 9.906923 0.145522
19.420000 9.908380 0.145936
19.430000 9.909842 0.146350
19.440000 9.911307 0.146765
19.450000 9.912777 0.147179
19.460000 9.914251 0.147594
19.470000 9.915729 0.148008
19.480000 9.917211 0.148423
19.490000 9.918697 0.148837
19.500000 9.920188 0.149252
19.510000 9.921682 0.149666
19.520000 9.923181 0.150081
19.530000 9.924684 0.150495
19.540000 9.926191 0.150910
19.550000 9.927702 0.151325
19.560000 9.929217 0.151739
19.570000 9.930737 0.152154
19.580000 9.932261 0.152569
19.590000 9.933788 0.152984
19.600000 9.935320 0.153398
19.610000 9.936856 0.153813
19.620000 9.938396 0.154228
19.630000 9.939941 0.154643
19.640000 9.941489 0.155058
19.650000 9.943042 0.155473
19.660000 9.944599 0.155888
19.670000 9.946160 0.156303
19.680000 9.947725 0.156718
19.690000 9.949294 0.157133
19.700000 9.950868 0.157548
19.710000 9.952445 0.157963
19.720000 9.954027 0.158378
19.730000 9.955613 0.158793
19.740000 9.957203 0.159208
19.750000 9.958797 0.159623
19.760000 9.960395 0.160038
19.770000 9.961998 0.160454
19.780000 9.963604 0.160869
19.790000 9.965215 0.161284
19.800000 9.966830 0.161700
19.810000 9.968449 0.162115
19.820000 9.970072 0.162530
19.830000 9.971700 0.162946
19.840000 9.973331 0.163361
19.850000 9.974967 0.163776
19.860000 9.976607 0.164192
19.870000 9.978251 0.164607
19.880000 9.979899 0.165023
19.890000 9.981551 0.165439
19.900000 9.983207 0.165854
19.910000 9.984868 0.166270
19.920000 9.986533 0.166685
19.930000 9.988202 0.167101
19.940000 9.989875 0.167517
19.950000 9.991552 0.167932
19.960000 9.993234 0.168348
19.970000 9.994919 0.168764
19.980000 9.996609 0.169180
19.990000 9.998303 0.169596
20.000000 10.000001 0.170012
